Webots Project File version R2022b
perspectives: 000000ff00000000fd00000002000000010000025100000313fc0200000001fb0000001400540065007800740045006400690074006f00720100000016000003130000008700ffffff0000000300000780000000d9fc0100000001fb0000001a0043006f006e0073006f006c00650041006c006c0041006c006c0100000000000007800000006900ffffff0000052d0000031300000001000000020000000100000008fc00000000
simulationViewPerspectives: 000000ff0000000100000002000001140000036e0100000002010000000100
sceneTreePerspectives: 000000ff00000001000000030000001e000000c0000000fa0100000002010000000200
maximizedDockId: -1
centralWidgetVisible: 1
orthographicViewHeight: 1
textFiles: 1 "C:/Users/tunae/OneDrive/Masa端st端/WEBOTS/mahmut/controllers/mahmut_klavye_kontrol/mahmut_klavye_kontrol.py" "C:/Users/tunae/OneDrive/Masa端st端/WEBOTS/mahmut/controllers/mahmut_takip/mahmut_takip.py"
consoles: Console:All:All
renderingDevicePerspectives: Pioneer 3-DX Dikiz:CAM;1;0.347917;0;0
renderingDevicePerspectives: Pioneer 3-DX Dikiz:display;1;0.303125;0;0.569231
